4,64,64,64,0,0,0,0,256,-
7,30,2,530,530,530,2,192,800,560,0,0,0,304,288,5
7,0,256,128,144,152,192,256,512,640,96,8,32,32,640,a
8,0,256,128,144,152,192,256,0,512,640,96,8,32,32,640,512,a
6,1016,584,584,584,584,432,0,0,0,0,0,64,b
7,224,256,520,520,8,0,0,256,528,0,0,512,272,272,c
7,1016,520,520,520,520,0,224,0,0,0,0,0,792,272,d
6,1016,584,584,584,584,520,0,0,0,0,0,0,e
7,1016,72,72,72,72,8,8,0,0,0,0,0,0,0,f
7,224,16,520,520,584,64,192,0,256,0,0,0,768,272,g
7,1016,64,64,64,64,64,1016,0,0,0,0,0,0,0,h
1,1016,0,i
4,0,0,512,504,512,768,0,512,j
7,1016,0,32,64,128,8,0,0,64,64,48,24,768,520,k
6,1016,512,512,512,512,512,0,0,0,0,0,0,l
7,1016,16,64,256,0,0,1016,0,40,160,640,192,56,0,m
7,1016,8,0,0,0,0,1016,0,16,32,64,128,768,0,n
8,224,272,0,520,520,0,272,224,0,0,520,0,0,520,0,0,o
6,1016,72,72,72,72,48,0,0,0,0,0,0,p
8,224,272,0,520,520,0,272,224,0,0,520,0,256,776,1536,512,q
6,1016,72,72,72,328,48,0,0,0,128,640,512,r
6,48,64,584,584,0,384,256,776,0,0,584,24,s
7,8,8,8,1016,8,8,8,0,0,0,0,0,0,0,t
7,504,0,512,512,512,0,504,0,768,0,0,0,512,0,u
8,0,16,64,768,256,64,16,0,8,40,160,128,640,160,40,8,v
12,0,16,128,768,128,0,0,128,768,0,24,0,8,40,320,0,832,120,56,320,0,480,32,8,w
7,0,512,144,96,144,512,0,512,264,328,16,104,264,512,x
7,0,8,0,960,0,8,0,8,16,48,32,32,16,8,y
7,520,776,648,584,552,536,520,0,0,0,0,0,0,0,z
4,8,0,1022,0,0,8,0,0,1
7,512,512,512,578,514,512,520,264,388,194,0,96,38,20,2
7,0,0,32,546,546,32,136,260,260,514,0,0,838,340,3
7,128,128,128,136,132,1022,128,0,96,48,16,2,0,0,4
8,0,30,2,530,530,530,2,192,256,800,560,0,0,0,304,288,5
7,112,4,0,530,530,0,192,136,296,534,0,0,822,292,6
7,2,2,514,130,34,10,2,0,0,256,320,80,16,4,7
7,136,32,546,546,546,32,136,340,854,0,0,0,854,340,8
7,24,0,578,578,0,256,112,292,870,0,0,578,164,136,9
7,112,260,0,514,0,260,112,136,136,514,0,514,136,136,0
7,256,128,144,152,192,256,0,640,96,8,32,32,640,512,a
11,8,0,512,0,8,0,128,0,2,0,128,20,34,34,418,84,32,336,548,544,544,320,%
10,0,0,64,80,66,66,80,64,0,0,512,896,160,40,12,12,40,160,896,512,A
8,1022,546,546,546,546,546,32,136,0,0,0,0,0,0,582,340,B
9,112,0,0,514,514,514,0,256,0,136,396,774,0,0,0,770,4,260,C
9,1022,514,514,514,514,514,0,260,112,0,0,0,0,0,0,774,136,136,D
7,1022,546,546,546,546,514,514,0,0,0,0,0,0,0,E
7,1022,34,34,34,34,2,2,0,0,0,0,0,0,0,F
9,112,0,0,514,514,578,64,64,196,136,396,774,0,0,0,514,260,256,G
9,1022,32,32,32,32,32,32,32,1022,0,0,0,0,0,0,0,0,0,H
1,1022,0,I
6,0,512,512,512,0,254,768,256,0,0,512,256,J
9,1022,32,0,16,40,0,0,514,0,0,0,48,0,16,204,390,256,514,K
7,1022,512,512,512,512,512,512,0,0,0,0,0,0,0,L
9,1022,4,16,64,256,0,0,0,1022,0,10,40,160,640,192,48,14,0,M
9,1022,2,0,0,0,0,0,256,1022,0,4,12,24,32,64,128,512,0,N
10,112,0,0,514,514,514,514,0,0,112,136,396,774,0,0,0,0,774,396,136,O
7,1022,34,34,34,34,0,8,0,0,0,0,0,34,20,P
10,112,0,0,514,514,514,514,0,0,112,136,396,774,0,256,256,256,774,1932,648,Q
8,1022,34,34,34,34,98,256,8,0,0,0,0,0,128,674,532,R
8,8,0,34,546,546,546,0,192,276,310,512,0,0,0,870,260,S
9,2,2,2,2,1022,2,2,2,2,0,0,0,0,0,0,0,0,0,T
8,254,0,512,512,512,512,0,254,256,768,0,0,0,0,768,256,U
9,0,4,32,128,768,128,32,4,0,2,10,80,832,0,832,80,10,2,V
14,0,8,64,768,0,16,6,6,16,128,768,64,8,0,2,22,176,128,480,40,8,8,104,864,128,176,22,2,W
9,0,512,134,72,48,72,134,512,0,512,258,256,48,0,48,256,258,512,X
9,0,2,0,0,992,0,0,2,0,2,4,12,24,16,24,12,4,2,Y
8,514,770,642,514,514,522,518,514,0,0,64,96,48,16,0,0,Z
3,0,768,0,3072,3072,256,,
1,1024,0,,

4,0,0,0,768,0,0,0,0,.
3,0,0,768,0,0,0,.
2,0,768,0,0,.
4,768,0,0,0,0,0,0,0,.
3,768,0,0,0,0,0,.
2,768,0,0,0,.
1,768,0,.
4,0,0,0,512,0,0,0,0,.
3,0,0,512,0,0,0,.
2,0,512,0,0,.
4,512,0,0,0,0,0,0,0,.
3,512,0,0,0,0,0,.
2,512,0,0,0,.
1,512,0,.
4,112,0,0,0,136,774,1025,0,(
3,0,0,112,1025,774,136,)

6,248,0,0,0,0,248,260,774,514,514,774,260,0
5,516,516,1022,512,512,0,0,0,0,0,1
6,512,512,514,514,544,520,262,2,128,64,6,20,2
6,0,0,546,546,0,204,774,514,0,0,802,256,3
6,64,80,64,64,1022,64,32,0,8,4,0,0,4
6,30,18,530,530,2,194,768,512,0,0,816,288,5
6,240,4,528,530,2,192,264,784,2,0,560,288,6
6,2,2,2,2,2,6,0,512,384,96,24,0,7
6,136,0,514,546,0,140,324,562,48,0,882,320,8
6,24,512,578,66,256,120,36,98,0,512,70,132,9
5,10,4,31,4,10,4,10,0,10,4,*
3,4095,2049,2049,0,0,0,[
3,2049,2049,4095,0,0,0,]
9,0,512,192,128,134,128,192,512,0,512,384,304,60,8,60,304,384,512,A
6,1022,546,546,546,12,128,0,0,0,20,882,320,B
7,112,260,0,514,514,514,0,396,650,774,0,0,260,774,C
7,1022,514,514,514,0,260,112,0,0,0,0,774,136,136,D
6,1022,546,546,546,546,546,0,0,0,0,0,0,E
6,1022,34,34,34,34,34,0,0,0,0,0,0,F
7,112,260,0,514,578,578,448,396,650,774,0,0,4,518,G
7,1022,32,32,32,32,32,1022,0,0,0,0,0,0,0,H
3,514,1022,514,0,0,0,I
4,512,514,2,510,0,0,768,512,J
6,1022,0,0,128,0,0,0,32,112,328,774,514,K
5,1022,512,512,512,512,0,0,0,0,0,L
9,1022,6,24,96,128,64,16,4,1022,0,8,36,144,320,176,44,10,0,M
7,1022,0,0,32,0,256,1022,0,14,28,80,448,640,0,N
8,112,260,0,514,514,0,260,112,396,650,774,0,0,774,650,396,O
6,1022,66,66,66,0,24,0,0,0,0,102,36,P
8,112,260,0,514,1538,2048,2308,2160,396,650,774,0,2048,1798,650,396,Q
7,1022,66,66,66,0,24,0,0,0,0,128,486,804,512,R
7,8,0,546,546,546,0,128,788,822,16,0,64,870,326,S
7,2,2,2,1022,2,2,2,0,0,0,0,0,0,0,T
7,254,0,0,0,0,0,254,256,768,512,512,512,768,256,U
9,0,4,16,128,768,128,16,4,0,2,26,104,352,0,352,104,26,2,V
13,0,4,64,512,0,0,6,16,0,0,64,4,0,2,58,952,384,480,62,8,108,960,768,952,58,2,W
7,0,0,0,32,0,0,0,514,396,216,0,216,396,514,X
7,0,4,16,992,16,4,0,6,10,40,0,40,10,6,Y
6,514,514,514,514,514,514,256,192,96,48,24,4,Z
6,384,520,584,584,72,1008,512,448,0,0,784,8,a
6,1023,0,520,520,0,224,0,792,0,0,792,272,b
5,224,0,520,520,0,272,792,0,0,520,c
6,224,0,520,520,0,1023,272,792,0,0,792,0,d
6,224,64,576,576,64,96,272,792,8,8,792,784,e
5,8,1020,8,9,1,0,3,3,0,0,f
6,224,4096,4616,4616,0,2040,272,792,0,0,6936,2048,g
6,1023,0,8,8,0,992,0,24,0,0,24,24,h
1,1018,0,i
3,4096,4104,4090,0,2048,4096,j
6,1023,0,0,0,0,0,0,96,224,400,776,520,k
1,1023,0,l
9,1016,0,8,8,1008,0,8,8,1008,0,24,0,16,8,24,0,16,8,m
6,1016,0,8,8,0,992,0,24,0,0,24,24,n
6,224,0,520,520,0,224,272,792,0,0,792,272,o
6,8184,0,520,520,0,224,0,792,0,0,792,272,p
6,224,0,520,8,0,8184,272,792,0,512,792,0,q
4,1016,0,0,8,0,24,8,0,r
5,48,512,584,72,384,840,376,0,896,600,s
4,8,510,520,520,0,512,256,0,t
6,248,0,512,512,0,1016,768,768,0,0,768,0,u
5,8,64,768,64,8,48,440,128,440,48,v
9,8,64,768,64,24,64,768,64,8,48,432,128,432,32,432,128,432,48,w
5,0,0,224,0,0,792,952,0,952,792,x
5,8,4160,768,64,8,48,3512,7296,440,48,y
5,520,520,584,520,520,256,384,160,48,16,z
5,516,516,1022,512,512,0,2,0,0,0,1
6,512,512,514,514,544,520,262,390,192,96,22,54,2
6,0,0,546,546,0,204,774,774,0,0,886,306,3
6,64,80,64,64,1022,64,32,40,28,6,0,0,4
6,30,18,530,530,2,194,768,768,0,0,816,288,5
6,240,4,528,530,2,192,268,826,6,0,816,288,6
6,2,2,2,2,2,6,0,768,960,240,56,8,7
6,136,0,514,546,0,140,374,630,48,0,886,338,8
6,24,512,578,66,256,120,36,102,0,768,742,388,9
6,248,0,0,0,0,248,260,774,514,514,774,260,0
4,64,64,64,64,0,0,0,0,-
7,288,288,288,288,288,288,288,0,0,0,0,0,0,0,=
7,4096,4096,4096,4096,4096,4096,4096,0,0,0,0,0,0,0,_
7,64,64,64,1016,64,64,64,0,0,0,0,0,0,0,+

3,2047,1024,1024,0,0,0,[
3,1024,1024,2047,0,0,0,]
5,5,2,15,2,5,2,5,0,5,2,*
5,258,258,511,256,256,0,1,0,0,0,1
6,256,256,257,257,272,260,131,195,96,48,11,27,2
6,0,0,273,273,0,102,387,387,0,0,443,153,3
6,32,40,32,32,511,32,16,20,14,3,0,0,4
6,15,9,265,265,1,97,384,384,0,0,408,144,5
6,120,2,264,265,1,96,134,413,3,0,408,144,6
6,1,1,1,1,1,3,0,384,480,120,28,4,7
6,68,0,257,273,0,70,187,315,24,0,443,169,8
6,12,256,289,33,128,60,18,51,0,384,371,194,9
6,124,0,0,0,0,124,130,387,257,257,387,130,0
6,192,260,292,292,36,504,256,224,0,0,392,4,a
6,511,0,260,260,0,112,0,396,0,0,396,136,b
5,112,0,260,260,0,136,396,0,0,260,c
6,112,0,260,260,0,511,136,396,0,0,396,0,d
6,112,32,288,288,32,48,136,396,4,4,396,392,e
4,4,510,4,4,0,1,1,0,f
6,112,2048,2308,2308,0,1020,136,396,0,0,3468,1024,g
6,511,0,4,4,0,496,0,12,0,0,12,12,h
1,509,0,i
3,2048,2052,2045,0,1024,2048,j
6,511,0,0,0,0,0,0,48,112,200,388,260,k
1,511,0,l
9,508,0,4,4,504,0,4,4,504,0,12,0,8,4,12,0,8,4,m
6,508,0,4,4,0,496,0,12,0,0,12,12,n
6,112,0,260,260,0,112,136,396,0,0,396,136,o
6,4092,0,260,260,0,112,0,396,0,0,396,136,p
6,112,0,260,4,0,4092,136,396,0,256,396,0,q
4,508,0,0,4,0,12,4,0,r
5,24,256,292,36,192,420,188,0,448,300,s
4,4,255,260,260,0,256,128,0,t
6,124,0,256,256,0,508,384,384,0,0,384,0,u
5,4,32,384,32,4,24,220,64,220,24,v
9,4,32,384,32,12,32,384,32,4,24,216,64,216,16,216,64,216,24,w
5,0,0,112,0,0,396,476,0,476,396,x
5,4,2080,384,32,4,24,1756,3648,220,24,y
5,260,260,292,260,260,128,192,80,24,8,z
9,0,256,96,64,67,64,96,256,0,256,192,152,30,4,30,152,192,256,A
6,511,273,273,273,6,64,0,0,0,10,441,160,B
7,56,130,0,257,257,257,0,198,325,387,0,0,130,387,C
7,511,257,257,257,0,130,56,0,0,0,0,387,68,68,D
6,511,273,273,273,273,273,0,0,0,0,0,0,E
6,511,17,17,17,17,17,0,0,0,0,0,0,F
7,56,130,0,257,289,289,224,198,325,387,0,0,2,259,G
7,511,16,16,16,16,16,511,0,0,0,0,0,0,0,H
3,257,511,257,0,0,0,I
4,256,257,1,255,0,0,384,256,J
6,511,0,0,64,0,0,0,16,56,164,387,257,K
5,511,256,256,256,256,0,0,0,0,0,L
9,511,3,12,48,64,32,8,2,511,0,4,18,72,160,88,22,5,0,M
7,511,0,0,16,0,128,511,0,7,14,40,224,320,0,N
8,56,130,0,257,257,0,130,56,198,325,387,0,0,387,325,198,O
6,511,33,33,33,0,12,0,0,0,0,51,18,P
8,56,130,0,257,769,1024,1154,1080,198,325,387,0,1024,899,325,198,Q
7,511,33,33,33,0,12,0,0,0,0,64,243,402,256,R
7,4,0,273,273,273,0,64,394,411,8,0,32,435,163,S
7,1,1,1,511,1,1,1,0,0,0,0,0,0,0,T
7,127,0,0,0,0,0,127,128,384,256,256,256,384,128,U
9,0,2,8,64,384,64,8,2,0,1,13,52,176,0,176,52,13,1,V
13,0,2,32,256,0,0,3,8,0,0,32,2,0,1,29,476,192,240,31,4,54,480,384,476,29,1,W
7,0,0,0,16,0,0,0,257,198,108,0,108,198,257,X
7,0,2,8,496,8,2,0,3,5,20,0,20,5,3,Y
6,257,257,257,257,257,257,128,96,48,24,12,2,Z
4,32,32,32,32,0,0,0,0,-
5,0,832,2,0,12,6,34,48,22,18,?
7,32,32,32,508,32,32,32,0,0,0,0,0,0,0,+
4,224,1028,0,0,792,2842,6147,4097,(
4,0,0,1028,224,4097,6147,2842,792,)
10,28,34,34,28,0,0,448,544,544,448,34,20,788,418,224,56,558,326,320,544,%
5,0,260,260,0,112,396,0,0,396,136,o
2,792,0,0,0,:
7,0,32,0,0,0,0,0,32,80,112,216,216,396,396,<
7,0,0,0,0,0,32,0,396,396,216,216,112,80,32,>
1,7,0,'
1,15,0,'

7,224,520,0,1028,0,520,224,272,272,1028,0,1028,272,272,0
3,16,0,2044,0,16,0,1
7,1024,1024,1024,1156,1028,1024,1040,528,776,388,0,192,76,40,2
7,0,0,64,1092,1092,64,272,520,520,1028,0,0,1676,680,3
7,256,256,256,272,264,2044,256,0,192,96,32,4,0,0,4
7,60,4,1060,1060,1060,4,384,1600,1120,0,0,0,608,576,5
7,224,8,0,1060,1060,0,384,272,592,1068,0,0,1644,584,6
7,4,4,1028,260,68,20,4,0,0,512,640,160,32,8,7
7,272,64,1092,1092,1092,64,272,680,1708,0,0,0,1708,680,8
7,48,0,1156,1156,0,512,224,584,1740,0,0,1156,328,272,9
4,128,128,128,0,0,0,0,0,-
2,1040,0,0,0,:
3,64,64,64,0,0,0,-
1,520,0,:13,0,4,64,512,0,0,6,16,0,0,64,4,0,2,58,952,384,480,62,8,108,960,768,952,58,2,W
6,224,4096,4616,4616,0,2040,272,792,0,0,6936,2048,g
6,225,4096,4616,4616,0,2040,272,792,0,0,6936,2048,g
12,4,64,512,0,0,6,16,0,0,64,4,0,58,952,384,480,62,8,108,960,768,952,58,2,W
5,4096,4616,4616,0,2040,792,0,0,6936,2048,g

7,112,260,0,514,0,260,112,0,0,514,0,514,0,0,0
4,0,8,0,1022,0,0,8,0,1
7,512,512,512,578,514,512,520,264,388,66,0,32,38,20,2
7,0,0,32,546,546,32,136,260,256,514,0,0,774,340,3
7,128,128,128,136,132,1022,128,0,96,48,0,2,0,0,4
7,30,2,530,530,530,2,192,288,512,0,0,0,288,32,5
7,112,4,0,530,530,0,192,128,256,530,0,0,306,32,6
7,2,2,514,130,34,10,2,0,0,256,0,0,16,4,7
7,136,32,546,546,546,32,136,340,342,0,0,0,836,340,8
7,24,0,578,578,0,256,112,288,292,0,0,578,4,8,9
8,0,30,2,530,530,530,2,192,256,288,512,0,0,0,288,32,5
9,0,2,0,0,992,0,0,2,0,2,4,12,24,0,16,12,4,2,Y
6,1016,584,584,584,584,520,0,0,0,0,0,0,e
8,0,256,128,144,152,192,256,0,512,512,64,8,0,0,512,512,a3,1025,1025,2047,0,0,0,]
3,2047,1025,1025,0,0,0,[
1,6,8,'
1,12,16,'
