
10,0,0,64,80,66,66,80,64,0,0,512,896,160,40,12,12,40,160,896,512,A
8,1022,546,546,546,546,546,32,136,0,0,0,0,0,0,582,340,B
9,112,0,0,514,514,514,0,256,0,136,396,774,0,0,0,770,4,260,C
9,1022,514,514,514,514,514,0,260,112,0,0,0,0,0,0,774,136,136,D
7,1022,546,546,546,546,514,514,0,0,0,0,0,0,0,E
7,1022,34,34,34,34,2,2,0,0,0,0,0,0,0,F
9,112,0,0,514,514,578,64,64,196,136,396,774,0,0,0,514,260,256,G
9,1022,32,32,32,32,32,32,32,1022,0,0,0,0,0,0,0,0,0,H
1,1022,0,I
6,0,512,512,512,0,254,768,256,0,0,512,256,J
9,1022,32,0,16,40,0,0,514,0,0,0,48,0,16,204,390,256,514,K
7,1022,512,512,512,512,512,512,0,0,0,0,0,0,0,L
9,1022,4,16,64,256,0,0,0,1022,0,10,40,160,640,192,48,14,0,M
9,1022,2,0,0,0,0,0,256,1022,0,4,12,24,32,64,128,512,0,N
10,112,0,0,514,514,514,514,0,0,112,136,396,774,0,0,0,0,774,396,136,O
7,1022,34,34,34,34,0,8,0,0,0,0,0,34,20,P
10,112,0,0,514,514,514,514,0,0,112,136,396,774,0,256,256,256,774,1932,648,Q
8,1022,34,34,34,34,98,256,8,0,0,0,0,0,128,674,532,R
8,8,0,34,546,546,546,0,192,276,310,512,0,0,0,870,260,S
9,2,2,2,2,1022,2,2,2,2,0,0,0,0,0,0,0,0,0,T
8,254,0,512,512,512,512,0,254,256,768,0,0,0,0,768,256,U
9,0,4,32,128,768,128,32,4,0,2,10,80,832,0,832,80,10,2,V
14,0,8,64,768,0,16,6,6,16,128,768,64,8,0,2,22,176,128,480,40,8,8,104,864,128,176,22,2,W
9,0,512,134,72,48,72,134,512,0,512,258,256,48,0,48,256,258,512,X
9,0,2,0,0,992,0,0,2,0,2,4,12,24,16,24,12,4,2,Y
8,514,770,642,514,514,522,518,514,0,0,64,96,48,16,0,0,Z
1,512,0,.
3,112,0,0,136,774,1025,(
3,0,0,112,1025,774,136,)
1,520,0,: